61
646 2646
1340 2073
1144 2193
1487 0
35 3167
851 2482
228 3040
954 2378
1217 2176
1056 2289
1109 2271
303 2944
900 2430
193 3075
702 2614
1302 2035
1253 2082
1002 2323
159 3031
97 3169
247 2950
1069 2321
218 2993
390 2824
320 2860
457 2791
767 2626
837 2577
137 3127
17 3243
479 2841
726 2664
885 2527
275 2907
512 2769
970 2415
350 2898
938 2469
548 2811
1268 2121
116 3088
1423 1973
741 2584
1186 2141
1091 2222
623 2689
259 2989
1173 2240
565 2736
422 2867
636 2737
54 3210
802 2543
589 2778
1377 2018
1352 1985
665 2687
0 3210
1399 1923
1024 2362
75 3119
