391.44178
207.35598
79
3893.45356
7880.49658
3893.45356
7924.83958
8485.82993
7924.83958
6754.78741
7924.83958
6754.78741
3203.88704
7766.48095
8326.00045
2219.45402
1877.62831
2219.45402
7181.89387
696.48563
4858.06810
3599.14508
4858.06810
3599.14508
7627.25467
3599.14508
98.10541
8867.80824
98.10541
8867.80824
2578.48821
975.52849
1053.10341
975.52849
9131.64418
9991.56587
9131.64418
2054.62647
2153.89540
7413.18407
514.22197
9335.17865
514.22197
7067.97394
3760.69238
939.62293
5357.55298
939.62293
351.24170
8856.30062
6269.64821
8856.30062
2470.04884
9132.08303
3199.22063
9132.08303
2401.64711
9132.08303
7911.99360
9132.08303
9711.85175
5237.01684
58.17156
7076.97113
8312.79667
7076.97113
1383.08801
7076.97113
5449.19763
4809.64416
872.49591
5791.64828
9683.44886
359.28314
9858.32979
359.28314
6671.97329
8089.68067
8260.19868
6342.71029
8260.19868
6342.71029
8253.49790
6342.71029
2208.09333
522.24285
9853.35255
5800.05841
9481.85228
3900.01248
9481.85228
3383.50852
9481.85228
3383.50852
6184.56150
3383.50852
7679.26230
3383.50852
3021.96128
5982.59257
3021.96128
5982.59257
6678.06516
4278.91026
7661.58231
1243.33602
7319.16139
8013.90170
7267.73535
3396.97537
7267.73535
6795.17476
1893.34093
4924.56961
1893.34093
4924.56961
7988.23688
9178.34459
422.61779
9178.34459
7794.93412
7144.43160
9812.75242
7144.43160
7288.89106
7144.43160
2637.55427
6325.98643
5503.33102
6325.98643
5925.94881
1026.07983
5925.94881
6706.51386
5925.94881
1198.79192
4839.84650
2573.31587
3620.10576
2656.13253
4262.85108
8394.47386
7543.77481
1878.11722
7543.77481
9460.89478
7543.77481
5022.62979
7543.77481
3005.40775
7543.77481
747.28188
7543.77481
7793.93012
2902.39138
288.96498
4121.04884
2195.74060
1656.79890
2195.74060
8667.64912
