-1000 100 1000 100 s0
-997 -300 -997 300 s0
-994 300 -994 -300 s1
-989 -300 -989 300 s2
-985 300 -985 -300 s3
-983 -300 -983 300 s4
-979 300 -979 -300 s5
-975 -300 -975 300 s6
-971 300 -971 -300 s7
-966 -300 -966 300 s8
-961 300 -961 -300 s9
-957 -300 -957 300 s10
-956 300 -956 -300 s11
-950 -300 -950 300 s12
-946 300 -946 -300 s13
-941 -300 -941 300 s14
-939 300 -939 -300 s15
-933 -300 -933 300 s16
-931 300 -931 -300 s17
-925 -300 -925 300 s18
-924 300 -924 -300 s19
-917 -300 -917 300 s20
-915 300 -915 -300 s21
-911 -300 -911 300 s22
-905 300 -905 -300 s23
-901 -300 -901 300 s24
-897 300 -897 -300 s25
-895 -300 -895 300 s26
-892 300 -892 -300 s27
-888 -300 -888 300 s28
-883 300 -883 -300 s29
-879 -300 -879 300 s30
-876 300 -876 -300 s31
-871 -300 -871 300 s32
-865 300 -865 -300 s33
-861 -300 -861 300 s34
-858 300 -858 -300 s35
-856 -300 -856 300 s36
-850 300 -850 -300 s37
-847 -300 -847 300 s38
-843 300 -843 -300 s39
-837 -300 -837 300 s40
-833 300 -833 -300 s41
-832 -300 -832 300 s42
-828 300 -828 -300 s43
-823 -300 -823 300 s44
-818 300 -818 -300 s45
-814 -300 -814 300 s46
-809 300 -809 -300 s47
-806 -300 -806 300 s48
-804 300 -804 -300 s49
-798 -300 -798 300 s50
-795 300 -795 -300 s51
-789 -300 -789 300 s52
-787 300 -787 -300 s53
-781 -300 -781 300 s54
-779 300 -779 -300 s55
-776 -300 -776 300 s56
-772 300 -772 -300 s57
-765 -300 -765 300 s58
-762 300 -762 -300 s59
-758 -300 -758 300 s60
-753 300 -753 -300 s61
-751 -300 -751 300 s62
-748 300 -748 -300 s63
-744 -300 -744 300 s64
-738 300 -738 -300 s65
-736 -300 -736 300 s66
-730 300 -730 -300 s67
-726 -300 -726 300 s68
-723 300 -723 -300 s69
-718 -300 -718 300 s70
-715 300 -715 -300 s71
-710 -300 -710 300 s72
-708 300 -708 -300 s73
-704 -300 -704 300 s74
-698 300 -698 -300 s75
-694 -300 -694 300 s76
-690 300 -690 -300 s77
-688 -300 -688 300 s78
-681 300 -681 -300 s79
-677 -300 -677 300 s80
-674 300 -674 -300 s81
-672 -300 -672 300 s82
-665 300 -665 -300 s83
-664 -300 -664 300 s84
-660 300 -660 -300 s85
-655 -300 -655 300 s86
-652 300 -652 -300 s87
-647 -300 -647 300 s88
-642 300 -642 -300 s89
-639 -300 -639 300 s90
-633 300 -633 -300 s91
-632 -300 -632 300 s92
-627 300 -627 -300 s93
-624 -300 -624 300 s94
-620 300 -620 -300 s95
-615 -300 -615 300 s96
-609 300 -609 -300 s97
-606 -300 -606 300 s98
-601 300 -601 -300 s99
-599 -300 -599 300 s100
-595 300 -595 -300 s101
-590 -300 -590 300 s102
-588 300 -588 -300 s103
-584 -300 -584 300 s104
-578 300 -578 -300 s105
-574 -300 -574 300 s106
-570 300 -570 -300 s107
-568 -300 -568 300 s108
-562 300 -562 -300 s109
-559 -300 -559 300 s110
-554 300 -554 -300 s111
-552 -300 -552 300 s112
-547 300 -547 -300 s113
-544 -300 -544 300 s114
-539 300 -539 -300 s115
-535 -300 -535 300 s116
-530 300 -530 -300 s117
-525 -300 -525 300 s118
-521 300 -521 -300 s119
-517 -300 -517 300 s120
-516 300 -516 -300 s121
-510 -300 -510 300 s122
-508 300 -508 -300 s123
-501 -300 -501 300 s124
-500 300 -500 -300 s125
-496 -300 -496 300 s126
-489 300 -489 -300 s127
-487 -300 -487 300 s128
-482 300 -482 -300 s129
-480 -300 -480 300 s130
-474 300 -474 -300 s131
-472 -300 -472 300 s132
-467 300 -467 -300 s133
-462 -300 -462 300 s134
-458 300 -458 -300 s135
-453 -300 -453 300 s136
-451 300 -451 -300 s137
-446 -300 -446 300 s138
-444 300 -444 -300 s139
-437 -300 -437 300 s140
-434 300 -434 -300 s141
-430 -300 -430 300 s142
-427 300 -427 -300 s143
-423 -300 -423 300 s144
-420 300 -420 -300 s145
-415 -300 -415 300 s146
-412 300 -412 -300 s147
-408 -300 -408 300 s148
-401 300 -401 -300 s149
-398 -300 -398 300 s150
-393 300 -393 -300 s151
-389 -300 -389 300 s152
-386 300 -386 -300 s153
-384 -300 -384 300 s154
-379 300 -379 -300 s155
-376 -300 -376 300 s156
-371 300 -371 -300 s157
-367 -300 -367 300 s158
-363 300 -363 -300 s159
-358 -300 -358 300 s160
-353 300 -353 -300 s161
-349 -300 -349 300 s162
-347 300 -347 -300 s163
-341 -300 -341 300 s164
-338 300 -338 -300 s165
-336 -300 -336 300 s166
-330 300 -330 -300 s167
-326 -300 -326 300 s168
-322 300 -322 -300 s169
-320 -300 -320 300 s170
-316 300 -316 -300 s171
-309 -300 -309 300 s172
-306 300 -306 -300 s173
-301 -300 -301 300 s174
-298 300 -298 -300 s175
-294 -300 -294 300 s176
-291 300 -291 -300 s177
-288 -300 -288 300 s178
-282 300 -282 -300 s179
-279 -300 -279 300 s180
-275 300 -275 -300 s181
-271 -300 -271 300 s182
-265 300 -265 -300 s183
-261 -300 -261 300 s184
-259 300 -259 -300 s185
-254 -300 -254 300 s186
-252 300 -252 -300 s187
-246 -300 -246 300 s188
-244 300 -244 -300 s189
-238 -300 -238 300 s190
-236 300 -236 -300 s191
-229 -300 -229 300 s192
-227 300 -227 -300 s193
-224 -300 -224 300 s194
-218 300 -218 -300 s195
-214 -300 -214 300 s196
-210 300 -210 -300 s197
-207 -300 -207 300 s198
-202 300 -202 -300 s199
-197 -300 -197 300 s200
-195 300 -195 -300 s201
-191 -300 -191 300 s202
-186 300 -186 -300 s203
-183 -300 -183 300 s204
-180 300 -180 -300 s205
-175 -300 -175 300 s206
-170 300 -170 -300 s207
-167 -300 -167 300 s208
-162 300 -162 -300 s209
-157 -300 -157 300 s210
-154 300 -154 -300 s211
-149 -300 -149 300 s212
-147 300 -147 -300 s213
-143 -300 -143 300 s214
-139 300 -139 -300 s215
-136 -300 -136 300 s216
-132 300 -132 -300 s217
-126 -300 -126 300 s218
-122 300 -122 -300 s219
-118 -300 -118 300 s220
-116 300 -116 -300 s221
-112 -300 -112 300 s222
-106 300 -106 -300 s223
-104 -300 -104 300 s224
-97 300 -97 -300 s225
-96 -300 -96 300 s226
-90 300 -90 -300 s227
-85 -300 -85 300 s228
-82 300 -82 -300 s229
-79 -300 -79 300 s230
-74 300 -74 -300 s231
-72 -300 -72 300 s232
-65 300 -65 -300 s233
-62 -300 -62 300 s234
-59 300 -59 -300 s235
-55 -300 -55 300 s236
-49 300 -49 -300 s237
-47 -300 -47 300 s238
-42 300 -42 -300 s239
-37 -300 -37 300 s240
-35 300 -35 -300 s241
-29 -300 -29 300 s242
-28 300 -28 -300 s243
-22 -300 -22 300 s244
-20 300 -20 -300 s245
-13 -300 -13 300 s246
-11 300 -11 -300 s247
-8 -300 -8 300 s248
-4 300 -4 -300 s249
0 -300 0 300 s250
5 300 5 -300 s251
11 -300 11 300 s252
15 300 15 -300 s253
16 -300 16 300 s254
21 300 21 -300 s255
24 -300 24 300 s256
30 300 30 -300 s257
32 -300 32 300 s258
36 300 36 -300 s259
42 -300 42 300 s260
45 300 45 -300 s261
49 -300 49 300 s262
55 300 55 -300 s263
59 -300 59 300 s264
61 300 61 -300 s265
65 -300 65 300 s266
70 300 70 -300 s267
73 -300 73 300 s268
77 300 77 -300 s269
83 -300 83 300 s270
84 300 84 -300 s271
91 -300 91 300 s272
94 300 94 -300 s273
99 -300 99 300 s274
103 300 103 -300 s275
106 -300 106 300 s276
110 300 110 -300 s277
113 -300 113 300 s278
117 300 117 -300 s279
121 -300 121 300 s280
124 300 124 -300 s281
129 -300 129 300 s282
135 300 135 -300 s283
137 -300 137 300 s284
141 300 141 -300 s285
147 -300 147 300 s286
151 300 151 -300 s287
152 -300 152 300 s288
156 300 156 -300 s289
162 -300 162 300 s290
167 300 167 -300 s291
169 -300 169 300 s292
173 300 173 -300 s293
179 -300 179 300 s294
181 300 181 -300 s295
187 -300 187 300 s296
188 300 188 -300 s297
193 -300 193 300 s298
197 300 197 -300 s299
201 -300 201 300 s300
204 300 204 -300 s301
208 -300 208 300 s302
215 300 215 -300 s303
219 -300 219 300 s304
223 300 223 -300 s305
225 -300 225 300 s306
228 300 228 -300 s307
233 -300 233 300 s308
238 300 238 -300 s309
242 -300 242 300 s310
247 300 247 -300 s311
249 -300 249 300 s312
255 300 255 -300 s313
258 -300 258 300 s314
261 300 261 -300 s315
267 -300 267 300 s316
269 300 269 -300 s317
273 -300 273 300 s318
277 300 277 -300 s319
282 -300 282 300 s320
286 300 286 -300 s321
289 -300 289 300 s322
294 300 294 -300 s323
296 -300 296 300 s324
300 300 300 -300 s325
305 -300 305 300 s326
311 300 311 -300 s327
314 -300 314 300 s328
316 300 316 -300 s329
320 -300 320 300 s330
324 300 324 -300 s331
329 -300 329 300 s332
335 300 335 -300 s333
338 -300 338 300 s334
343 300 343 -300 s335
346 -300 346 300 s336
348 300 348 -300 s337
352 -300 352 300 s338
358 300 358 -300 s339
361 -300 361 300 s340
365 300 365 -300 s341
368 -300 368 300 s342
373 300 373 -300 s343
376 -300 376 300 s344
382 300 382 -300 s345
387 -300 387 300 s346
391 300 391 -300 s347
393 -300 393 300 s348
397 300 397 -300 s349
403 -300 403 300 s350
407 300 407 -300 s351
410 -300 410 300 s352
413 300 413 -300 s353
417 -300 417 300 s354
422 300 422 -300 s355
425 -300 425 300 s356
431 300 431 -300 s357
432 -300 432 300 s358
439 300 439 -300 s359
440 -300 440 300 s360
447 300 447 -300 s361
448 -300 448 300 s362
455 300 455 -300 s363
457 -300 457 300 s364
463 300 463 -300 s365
467 -300 467 300 s366
470 300 470 -300 s367
475 -300 475 300 s368
477 300 477 -300 s369
481 -300 481 300 s370
485 300 485 -300 s371
489 -300 489 300 s372
492 300 492 -300 s373
496 -300 496 300 s374
501 300 501 -300 s375
507 -300 507 300 s376
510 300 510 -300 s377
515 -300 515 300 s378
518 300 518 -300 s379
522 -300 522 300 s380
525 300 525 -300 s381
530 -300 530 300 s382
532 300 532 -300 s383
537 -300 537 300 s384
542 300 542 -300 s385
544 -300 544 300 s386
550 300 550 -300 s387
554 -300 554 300 s388
559 300 559 -300 s389
563 -300 563 300 s390
567 300 567 -300 s391
570 -300 570 300 s392
574 300 574 -300 s393
579 -300 579 300 s394
583 300 583 -300 s395
584 -300 584 300 s396
591 300 591 -300 s397
594 -300 594 300 s398
598 300 598 -300 s399
600 -300 600 300 s400
604 300 604 -300 s401
609 -300 609 300 s402
612 300 612 -300 s403
619 -300 619 300 s404
622 300 622 -300 s405
625 -300 625 300 s406
629 300 629 -300 s407
634 -300 634 300 s408
637 300 637 -300 s409
640 -300 640 300 s410
645 300 645 -300 s411
648 -300 648 300 s412
652 300 652 -300 s413
657 -300 657 300 s414
661 300 661 -300 s415
665 -300 665 300 s416
668 300 668 -300 s417
672 -300 672 300 s418
679 300 679 -300 s419
683 -300 683 300 s420
684 300 684 -300 s421
690 -300 690 300 s422
694 300 694 -300 s423
697 -300 697 300 s424
703 300 703 -300 s425
707 -300 707 300 s426
708 300 708 -300 s427
715 -300 715 300 s428
716 300 716 -300 s429
723 -300 723 300 s430
725 300 725 -300 s431
728 -300 728 300 s432
732 300 732 -300 s433
736 -300 736 300 s434
742 300 742 -300 s435
745 -300 745 300 s436
751 300 751 -300 s437
754 -300 754 300 s438
756 300 756 -300 s439
762 -300 762 300 s440
766 300 766 -300 s441
771 -300 771 300 s442
775 300 775 -300 s443
777 -300 777 300 s444
783 300 783 -300 s445
787 -300 787 300 s446
788 300 788 -300 s447
792 -300 792 300 s448
797 300 797 -300 s449
802 -300 802 300 s450
807 300 807 -300 s451
810 -300 810 300 s452
814 300 814 -300 s453
819 -300 819 300 s454
820 300 820 -300 s455
826 -300 826 300 s456
831 300 831 -300 s457
832 -300 832 300 s458
836 300 836 -300 s459
840 -300 840 300 s460
846 300 846 -300 s461
848 -300 848 300 s462
853 300 853 -300 s463
857 -300 857 300 s464
862 300 862 -300 s465
866 -300 866 300 s466
869 300 869 -300 s467
873 -300 873 300 s468
878 300 878 -300 s469
883 -300 883 300 s470
886 300 886 -300 s471
891 -300 891 300 s472
895 300 895 -300 s473
897 -300 897 300 s474
903 300 903 -300 s475
906 -300 906 300 s476
911 300 911 -300 s477
914 -300 914 300 s478
917 300 917 -300 s479
923 -300 923 300 s480
926 300 926 -300 s481
929 -300 929 300 s482
935 300 935 -300 s483
939 -300 939 300 s484
942 300 942 -300 s485
947 -300 947 300 s486
950 300 950 -300 s487
954 -300 954 300 s488
958 300 958 -300 s489
961 -300 961 300 s490
965 300 965 -300 s491
970 -300 970 300 s492
973 300 973 -300 s493
979 -300 979 300 s494
982 300 982 -300 s495
985 -300 985 300 s496
990 300 990 -300 s497
993 -300 993 300 s498
998 300 998 -300 s499
