0 5 0 5 s0
-1 5 1 5 s1
-2 5 2 5 s2
-3 5 3 5 s3
-4 5 4 5 s4
-5 5 5 5 s5
-6 5 6 5 s6
-7 5 7 5 s7
-8 5 8 5 s8
-9 5 9 5 s9
-10 5 10 5 s10
-11 5 11 5 s11
-12 5 12 5 s12
-13 5 13 5 s13
-14 5 14 5 s14
-15 5 15 5 s15
-16 5 16 5 s16
-17 5 17 5 s17
-18 5 18 5 s18
-19 5 19 5 s19
-20 5 20 5 s20
-21 5 21 5 s21
-22 5 22 5 s22
-23 5 23 5 s23
-24 5 24 5 s24
-25 5 25 5 s25
-26 5 26 5 s26
-27 5 27 5 s27
-28 5 28 5 s28
-29 5 29 5 s29
-30 5 30 5 s30
-31 5 31 5 s31
-32 5 32 5 s32
-33 5 33 5 s33
-34 5 34 5 s34
-35 5 35 5 s35
-36 5 36 5 s36
-37 5 37 5 s37
-38 5 38 5 s38
-39 5 39 5 s39
-40 5 40 5 s40
-41 5 41 5 s41
-42 5 42 5 s42
-43 5 43 5 s43
-44 5 44 5 s44
-45 5 45 5 s45
-46 5 46 5 s46
-47 5 47 5 s47
-48 5 48 5 s48
-49 5 49 5 s49
-50 5 50 5 s50
-51 5 51 5 s51
-52 5 52 5 s52
-53 5 53 5 s53
-54 5 54 5 s54
-55 5 55 5 s55
-56 5 56 5 s56
-57 5 57 5 s57
-58 5 58 5 s58
-59 5 59 5 s59
-60 5 60 5 s60
-61 5 61 5 s61
-62 5 62 5 s62
-63 5 63 5 s63
-64 5 64 5 s64
-65 5 65 5 s65
-66 5 66 5 s66
-67 5 67 5 s67
-68 5 68 5 s68
-69 5 69 5 s69
-70 5 70 5 s70
-71 5 71 5 s71
-72 5 72 5 s72
-73 5 73 5 s73
-74 5 74 5 s74
-75 5 75 5 s75
-76 5 76 5 s76
-77 5 77 5 s77
-78 5 78 5 s78
-79 5 79 5 s79
-80 5 80 5 s80
-81 5 81 5 s81
-82 5 82 5 s82
-83 5 83 5 s83
-84 5 84 5 s84
-85 5 85 5 s85
-86 5 86 5 s86
-87 5 87 5 s87
-88 5 88 5 s88
-89 5 89 5 s89
-90 5 90 5 s90
-91 5 91 5 s91
-92 5 92 5 s92
-93 5 93 5 s93
-94 5 94 5 s94
-95 5 95 5 s95
-96 5 96 5 s96
-97 5 97 5 s97
-98 5 98 5 s98
-99 5 99 5 s99
-100 5 100 5 s100
-101 5 101 5 s101
-102 5 102 5 s102
-103 5 103 5 s103
-104 5 104 5 s104
-105 5 105 5 s105
-106 5 106 5 s106
-107 5 107 5 s107
-108 5 108 5 s108
-109 5 109 5 s109
-110 5 110 5 s110
-111 5 111 5 s111
-112 5 112 5 s112
-113 5 113 5 s113
-114 5 114 5 s114
-115 5 115 5 s115
-116 5 116 5 s116
-117 5 117 5 s117
-118 5 118 5 s118
-119 5 119 5 s119
-120 5 120 5 s120
-121 5 121 5 s121
-122 5 122 5 s122
-123 5 123 5 s123
-124 5 124 5 s124
-125 5 125 5 s125
-126 5 126 5 s126
-127 5 127 5 s127
-128 5 128 5 s128
-129 5 129 5 s129
-130 5 130 5 s130
-131 5 131 5 s131
-132 5 132 5 s132
-133 5 133 5 s133
-134 5 134 5 s134
-135 5 135 5 s135
-136 5 136 5 s136
-137 5 137 5 s137
-138 5 138 5 s138
-139 5 139 5 s139
-140 5 140 5 s140
-141 5 141 5 s141
-142 5 142 5 s142
-143 5 143 5 s143
-144 5 144 5 s144
-145 5 145 5 s145
-146 5 146 5 s146
-147 5 147 5 s147
-148 5 148 5 s148
-149 5 149 5 s149
-150 5 150 5 s150
-151 5 151 5 s151
-152 5 152 5 s152
-153 5 153 5 s153
-154 5 154 5 s154
-155 5 155 5 s155
-156 5 156 5 s156
-157 5 157 5 s157
-158 5 158 5 s158
-159 5 159 5 s159
-160 5 160 5 s160
-161 5 161 5 s161
-162 5 162 5 s162
-163 5 163 5 s163
-164 5 164 5 s164
-165 5 165 5 s165
-166 5 166 5 s166
-167 5 167 5 s167
-168 5 168 5 s168
-169 5 169 5 s169
-170 5 170 5 s170
-171 5 171 5 s171
-172 5 172 5 s172
-173 5 173 5 s173
-174 5 174 5 s174
-175 5 175 5 s175
-176 5 176 5 s176
-177 5 177 5 s177
-178 5 178 5 s178
-179 5 179 5 s179
-180 5 180 5 s180
-181 5 181 5 s181
-182 5 182 5 s182
-183 5 183 5 s183
-184 5 184 5 s184
-185 5 185 5 s185
-186 5 186 5 s186
-187 5 187 5 s187
-188 5 188 5 s188
-189 5 189 5 s189
-190 5 190 5 s190
-191 5 191 5 s191
-192 5 192 5 s192
-193 5 193 5 s193
-194 5 194 5 s194
-195 5 195 5 s195
-196 5 196 5 s196
-197 5 197 5 s197
-198 5 198 5 s198
-199 5 199 5 s199
-200 5 200 5 s200
-201 5 201 5 s201
-202 5 202 5 s202
-203 5 203 5 s203
-204 5 204 5 s204
-205 5 205 5 s205
-206 5 206 5 s206
-207 5 207 5 s207
-208 5 208 5 s208
-209 5 209 5 s209
-210 5 210 5 s210
-211 5 211 5 s211
-212 5 212 5 s212
-213 5 213 5 s213
-214 5 214 5 s214
-215 5 215 5 s215
-216 5 216 5 s216
-217 5 217 5 s217
-218 5 218 5 s218
-219 5 219 5 s219
-220 5 220 5 s220
-221 5 221 5 s221
-222 5 222 5 s222
-223 5 223 5 s223
-224 5 224 5 s224
-225 5 225 5 s225
-226 5 226 5 s226
-227 5 227 5 s227
-228 5 228 5 s228
-229 5 229 5 s229
-230 5 230 5 s230
-231 5 231 5 s231
-232 5 232 5 s232
-233 5 233 5 s233
-234 5 234 5 s234
-235 5 235 5 s235
-236 5 236 5 s236
-237 5 237 5 s237
-238 5 238 5 s238
-239 5 239 5 s239
-240 5 240 5 s240
-241 5 241 5 s241
-242 5 242 5 s242
-243 5 243 5 s243
-244 5 244 5 s244
-245 5 245 5 s245
-246 5 246 5 s246
-247 5 247 5 s247
-248 5 248 5 s248
-249 5 249 5 s249
-250 5 250 5 s250
-251 5 251 5 s251
-252 5 252 5 s252
-253 5 253 5 s253
-254 5 254 5 s254
-255 5 255 5 s255
-256 5 256 5 s256
-257 5 257 5 s257
-258 5 258 5 s258
-259 5 259 5 s259
-260 5 260 5 s260
-261 5 261 5 s261
-262 5 262 5 s262
-263 5 263 5 s263
-264 5 264 5 s264
-265 5 265 5 s265
-266 5 266 5 s266
-267 5 267 5 s267
-268 5 268 5 s268
-269 5 269 5 s269
-270 5 270 5 s270
-271 5 271 5 s271
-272 5 272 5 s272
-273 5 273 5 s273
-274 5 274 5 s274
-275 5 275 5 s275
-276 5 276 5 s276
-277 5 277 5 s277
-278 5 278 5 s278
-279 5 279 5 s279
-280 5 280 5 s280
-281 5 281 5 s281
-282 5 282 5 s282
-283 5 283 5 s283
-284 5 284 5 s284
-285 5 285 5 s285
-286 5 286 5 s286
-287 5 287 5 s287
-288 5 288 5 s288
-289 5 289 5 s289
-290 5 290 5 s290
-291 5 291 5 s291
-292 5 292 5 s292
-293 5 293 5 s293
-294 5 294 5 s294
-295 5 295 5 s295
-296 5 296 5 s296
-297 5 297 5 s297
-298 5 298 5 s298
-299 5 299 5 s299
-300 5 300 5 s300
-301 5 301 5 s301
-302 5 302 5 s302
-303 5 303 5 s303
-304 5 304 5 s304
-305 5 305 5 s305
-306 5 306 5 s306
-307 5 307 5 s307
-308 5 308 5 s308
-309 5 309 5 s309
-310 5 310 5 s310
-311 5 311 5 s311
-312 5 312 5 s312
-313 5 313 5 s313
-314 5 314 5 s314
-315 5 315 5 s315
-316 5 316 5 s316
-317 5 317 5 s317
-318 5 318 5 s318
-319 5 319 5 s319
-320 5 320 5 s320
-321 5 321 5 s321
-322 5 322 5 s322
-323 5 323 5 s323
-324 5 324 5 s324
-325 5 325 5 s325
-326 5 326 5 s326
-327 5 327 5 s327
-328 5 328 5 s328
-329 5 329 5 s329
-330 5 330 5 s330
-331 5 331 5 s331
-332 5 332 5 s332
-333 5 333 5 s333
-334 5 334 5 s334
-335 5 335 5 s335
-336 5 336 5 s336
-337 5 337 5 s337
-338 5 338 5 s338
-339 5 339 5 s339
-340 5 340 5 s340
-341 5 341 5 s341
-342 5 342 5 s342
-343 5 343 5 s343
-344 5 344 5 s344
-345 5 345 5 s345
-346 5 346 5 s346
-347 5 347 5 s347
-348 5 348 5 s348
-349 5 349 5 s349
-350 5 350 5 s350
-351 5 351 5 s351
-352 5 352 5 s352
-353 5 353 5 s353
-354 5 354 5 s354
-355 5 355 5 s355
-356 5 356 5 s356
-357 5 357 5 s357
-358 5 358 5 s358
-359 5 359 5 s359
-360 5 360 5 s360
-361 5 361 5 s361
-362 5 362 5 s362
-363 5 363 5 s363
-364 5 364 5 s364
-365 5 365 5 s365
-366 5 366 5 s366
-367 5 367 5 s367
-368 5 368 5 s368
-369 5 369 5 s369
-370 5 370 5 s370
-371 5 371 5 s371
-372 5 372 5 s372
-373 5 373 5 s373
-374 5 374 5 s374
-375 5 375 5 s375
-376 5 376 5 s376
-377 5 377 5 s377
-378 5 378 5 s378
-379 5 379 5 s379
-380 5 380 5 s380
-381 5 381 5 s381
-382 5 382 5 s382
-383 5 383 5 s383
-384 5 384 5 s384
-385 5 385 5 s385
-386 5 386 5 s386
-387 5 387 5 s387
-388 5 388 5 s388
-389 5 389 5 s389
-390 5 390 5 s390
-391 5 391 5 s391
-392 5 392 5 s392
-393 5 393 5 s393
-394 5 394 5 s394
-395 5 395 5 s395
-396 5 396 5 s396
-397 5 397 5 s397
-398 5 398 5 s398
-399 5 399 5 s399
-400 5 400 5 s400
-401 5 401 5 s401
-402 5 402 5 s402
-403 5 403 5 s403
-404 5 404 5 s404
-405 5 405 5 s405
-406 5 406 5 s406
-407 5 407 5 s407
-408 5 408 5 s408
-409 5 409 5 s409
-410 5 410 5 s410
-411 5 411 5 s411
-412 5 412 5 s412
-413 5 413 5 s413
-414 5 414 5 s414
-415 5 415 5 s415
-416 5 416 5 s416
-417 5 417 5 s417
-418 5 418 5 s418
-419 5 419 5 s419
-420 5 420 5 s420
-421 5 421 5 s421
-422 5 422 5 s422
-423 5 423 5 s423
-424 5 424 5 s424
-425 5 425 5 s425
-426 5 426 5 s426
-427 5 427 5 s427
-428 5 428 5 s428
-429 5 429 5 s429
-430 5 430 5 s430
-431 5 431 5 s431
-432 5 432 5 s432
-433 5 433 5 s433
-434 5 434 5 s434
-435 5 435 5 s435
-436 5 436 5 s436
-437 5 437 5 s437
-438 5 438 5 s438
-439 5 439 5 s439
-440 5 440 5 s440
-441 5 441 5 s441
-442 5 442 5 s442
-443 5 443 5 s443
-444 5 444 5 s444
-445 5 445 5 s445
-446 5 446 5 s446
-447 5 447 5 s447
-448 5 448 5 s448
-449 5 449 5 s449
-450 5 450 5 s450
-451 5 451 5 s451
-452 5 452 5 s452
-453 5 453 5 s453
-454 5 454 5 s454
-455 5 455 5 s455
-456 5 456 5 s456
-457 5 457 5 s457
-458 5 458 5 s458
-459 5 459 5 s459
-460 5 460 5 s460
-461 5 461 5 s461
-462 5 462 5 s462
-463 5 463 5 s463
-464 5 464 5 s464
-465 5 465 5 s465
-466 5 466 5 s466
-467 5 467 5 s467
-468 5 468 5 s468
-469 5 469 5 s469
-470 5 470 5 s470
-471 5 471 5 s471
-472 5 472 5 s472
-473 5 473 5 s473
-474 5 474 5 s474
-475 5 475 5 s475
-476 5 476 5 s476
-477 5 477 5 s477
-478 5 478 5 s478
-479 5 479 5 s479
-480 5 480 5 s480
-481 5 481 5 s481
-482 5 482 5 s482
-483 5 483 5 s483
-484 5 484 5 s484
-485 5 485 5 s485
-486 5 486 5 s486
-487 5 487 5 s487
-488 5 488 5 s488
-489 5 489 5 s489
-490 5 490 5 s490
-491 5 491 5 s491
-492 5 492 5 s492
-493 5 493 5 s493
-494 5 494 5 s494
-495 5 495 5 s495
-496 5 496 5 s496
-497 5 497 5 s497
-498 5 498 5 s498
-499 5 499 5 s499
-500 5 500 5 s500
-501 5 501 5 s501
-502 5 502 5 s502
-503 5 503 5 s503
-504 5 504 5 s504
-505 5 505 5 s505
-506 5 506 5 s506
-507 5 507 5 s507
-508 5 508 5 s508
-509 5 509 5 s509
-510 5 510 5 s510
-511 5 511 5 s511
-512 5 512 5 s512
-513 5 513 5 s513
-514 5 514 5 s514
-515 5 515 5 s515
-516 5 516 5 s516
-517 5 517 5 s517
-518 5 518 5 s518
-519 5 519 5 s519
-520 5 520 5 s520
-521 5 521 5 s521
-522 5 522 5 s522
-523 5 523 5 s523
-524 5 524 5 s524
-525 5 525 5 s525
-526 5 526 5 s526
-527 5 527 5 s527
-528 5 528 5 s528
-529 5 529 5 s529
-530 5 530 5 s530
-531 5 531 5 s531
-532 5 532 5 s532
-533 5 533 5 s533
-534 5 534 5 s534
-535 5 535 5 s535
-536 5 536 5 s536
-537 5 537 5 s537
-538 5 538 5 s538
-539 5 539 5 s539
-540 5 540 5 s540
-541 5 541 5 s541
-542 5 542 5 s542
-543 5 543 5 s543
-544 5 544 5 s544
-545 5 545 5 s545
-546 5 546 5 s546
-547 5 547 5 s547
-548 5 548 5 s548
-549 5 549 5 s549
-550 5 550 5 s550
-551 5 551 5 s551
-552 5 552 5 s552
-553 5 553 5 s553
-554 5 554 5 s554
-555 5 555 5 s555
-556 5 556 5 s556
-557 5 557 5 s557
-558 5 558 5 s558
-559 5 559 5 s559
-560 5 560 5 s560
-561 5 561 5 s561
-562 5 562 5 s562
-563 5 563 5 s563
-564 5 564 5 s564
-565 5 565 5 s565
-566 5 566 5 s566
-567 5 567 5 s567
-568 5 568 5 s568
-569 5 569 5 s569
-570 5 570 5 s570
-571 5 571 5 s571
-572 5 572 5 s572
-573 5 573 5 s573
-574 5 574 5 s574
-575 5 575 5 s575
-576 5 576 5 s576
-577 5 577 5 s577
-578 5 578 5 s578
-579 5 579 5 s579
-580 5 580 5 s580
-581 5 581 5 s581
-582 5 582 5 s582
-583 5 583 5 s583
-584 5 584 5 s584
-585 5 585 5 s585
-586 5 586 5 s586
-587 5 587 5 s587
-588 5 588 5 s588
-589 5 589 5 s589
-590 5 590 5 s590
-591 5 591 5 s591
-592 5 592 5 s592
-593 5 593 5 s593
-594 5 594 5 s594
-595 5 595 5 s595
-596 5 596 5 s596
-597 5 597 5 s597
-598 5 598 5 s598
-599 5 599 5 s599
-600 5 600 5 s600
-601 5 601 5 s601
-602 5 602 5 s602
-603 5 603 5 s603
-604 5 604 5 s604
-605 5 605 5 s605
-606 5 606 5 s606
-607 5 607 5 s607
-608 5 608 5 s608
-609 5 609 5 s609
-610 5 610 5 s610
-611 5 611 5 s611
-612 5 612 5 s612
-613 5 613 5 s613
-614 5 614 5 s614
-615 5 615 5 s615
-616 5 616 5 s616
-617 5 617 5 s617
-618 5 618 5 s618
-619 5 619 5 s619
-620 5 620 5 s620
-621 5 621 5 s621
-622 5 622 5 s622
-623 5 623 5 s623
-624 5 624 5 s624
-625 5 625 5 s625
-626 5 626 5 s626
-627 5 627 5 s627
-628 5 628 5 s628
-629 5 629 5 s629
-630 5 630 5 s630
-631 5 631 5 s631
-632 5 632 5 s632
-633 5 633 5 s633
-634 5 634 5 s634
-635 5 635 5 s635
-636 5 636 5 s636
-637 5 637 5 s637
-638 5 638 5 s638
-639 5 639 5 s639
-640 5 640 5 s640
-641 5 641 5 s641
-642 5 642 5 s642
-643 5 643 5 s643
-644 5 644 5 s644
-645 5 645 5 s645
-646 5 646 5 s646
-647 5 647 5 s647
-648 5 648 5 s648
-649 5 649 5 s649
-650 5 650 5 s650
-651 5 651 5 s651
-652 5 652 5 s652
-653 5 653 5 s653
-654 5 654 5 s654
-655 5 655 5 s655
-656 5 656 5 s656
-657 5 657 5 s657
-658 5 658 5 s658
-659 5 659 5 s659
-660 5 660 5 s660
-661 5 661 5 s661
-662 5 662 5 s662
-663 5 663 5 s663
-664 5 664 5 s664
-665 5 665 5 s665
-666 5 666 5 s666
-667 5 667 5 s667
-668 5 668 5 s668
-669 5 669 5 s669
-670 5 670 5 s670
-671 5 671 5 s671
-672 5 672 5 s672
-673 5 673 5 s673
-674 5 674 5 s674
-675 5 675 5 s675
-676 5 676 5 s676
-677 5 677 5 s677
-678 5 678 5 s678
-679 5 679 5 s679
-680 5 680 5 s680
-681 5 681 5 s681
-682 5 682 5 s682
-683 5 683 5 s683
-684 5 684 5 s684
-685 5 685 5 s685
-686 5 686 5 s686
-687 5 687 5 s687
-688 5 688 5 s688
-689 5 689 5 s689
-690 5 690 5 s690
-691 5 691 5 s691
-692 5 692 5 s692
-693 5 693 5 s693
-694 5 694 5 s694
-695 5 695 5 s695
-696 5 696 5 s696
-697 5 697 5 s697
-698 5 698 5 s698
-699 5 699 5 s699
-700 5 700 5 s700
-701 5 701 5 s701
-702 5 702 5 s702
-703 5 703 5 s703
-704 5 704 5 s704
-705 5 705 5 s705
-706 5 706 5 s706
-707 5 707 5 s707
-708 5 708 5 s708
-709 5 709 5 s709
-710 5 710 5 s710
-711 5 711 5 s711
-712 5 712 5 s712
-713 5 713 5 s713
-714 5 714 5 s714
-715 5 715 5 s715
-716 5 716 5 s716
-717 5 717 5 s717
-718 5 718 5 s718
-719 5 719 5 s719
-720 5 720 5 s720
-721 5 721 5 s721
-722 5 722 5 s722
-723 5 723 5 s723
-724 5 724 5 s724
-725 5 725 5 s725
-726 5 726 5 s726
-727 5 727 5 s727
-728 5 728 5 s728
-729 5 729 5 s729
-730 5 730 5 s730
-731 5 731 5 s731
-732 5 732 5 s732
-733 5 733 5 s733
-734 5 734 5 s734
-735 5 735 5 s735
-736 5 736 5 s736
-737 5 737 5 s737
-738 5 738 5 s738
-739 5 739 5 s739
-740 5 740 5 s740
-741 5 741 5 s741
-742 5 742 5 s742
-743 5 743 5 s743
-744 5 744 5 s744
-745 5 745 5 s745
-746 5 746 5 s746
-747 5 747 5 s747
-748 5 748 5 s748
-749 5 749 5 s749
-750 5 750 5 s750
-751 5 751 5 s751
-752 5 752 5 s752
-753 5 753 5 s753
-754 5 754 5 s754
-755 5 755 5 s755
-756 5 756 5 s756
-757 5 757 5 s757
-758 5 758 5 s758
-759 5 759 5 s759
-760 5 760 5 s760
-761 5 761 5 s761
-762 5 762 5 s762
-763 5 763 5 s763
-764 5 764 5 s764
-765 5 765 5 s765
-766 5 766 5 s766
-767 5 767 5 s767
-768 5 768 5 s768
-769 5 769 5 s769
-770 5 770 5 s770
-771 5 771 5 s771
-772 5 772 5 s772
-773 5 773 5 s773
-774 5 774 5 s774
-775 5 775 5 s775
-776 5 776 5 s776
-777 5 777 5 s777
-778 5 778 5 s778
-779 5 779 5 s779
-780 5 780 5 s780
-781 5 781 5 s781
-782 5 782 5 s782
-783 5 783 5 s783
-784 5 784 5 s784
-785 5 785 5 s785
-786 5 786 5 s786
-787 5 787 5 s787
-788 5 788 5 s788
-789 5 789 5 s789
-790 5 790 5 s790
-791 5 791 5 s791
-792 5 792 5 s792
-793 5 793 5 s793
-794 5 794 5 s794
-795 5 795 5 s795
-796 5 796 5 s796
-797 5 797 5 s797
-798 5 798 5 s798
-799 5 799 5 s799
-800 5 800 5 s800
-801 5 801 5 s801
-802 5 802 5 s802
-803 5 803 5 s803
-804 5 804 5 s804
-805 5 805 5 s805
-806 5 806 5 s806
-807 5 807 5 s807
-808 5 808 5 s808
-809 5 809 5 s809
-810 5 810 5 s810
-811 5 811 5 s811
-812 5 812 5 s812
-813 5 813 5 s813
-814 5 814 5 s814
-815 5 815 5 s815
-816 5 816 5 s816
-817 5 817 5 s817
-818 5 818 5 s818
-819 5 819 5 s819
-820 5 820 5 s820
-821 5 821 5 s821
-822 5 822 5 s822
-823 5 823 5 s823
-824 5 824 5 s824
-825 5 825 5 s825
-826 5 826 5 s826
-827 5 827 5 s827
-828 5 828 5 s828
-829 5 829 5 s829
-830 5 830 5 s830
-831 5 831 5 s831
-832 5 832 5 s832
-833 5 833 5 s833
-834 5 834 5 s834
-835 5 835 5 s835
-836 5 836 5 s836
-837 5 837 5 s837
-838 5 838 5 s838
-839 5 839 5 s839
-840 5 840 5 s840
-841 5 841 5 s841
-842 5 842 5 s842
-843 5 843 5 s843
-844 5 844 5 s844
-845 5 845 5 s845
-846 5 846 5 s846
-847 5 847 5 s847
-848 5 848 5 s848
-849 5 849 5 s849
-850 5 850 5 s850
-851 5 851 5 s851
-852 5 852 5 s852
-853 5 853 5 s853
-854 5 854 5 s854
-855 5 855 5 s855
-856 5 856 5 s856
-857 5 857 5 s857
-858 5 858 5 s858
-859 5 859 5 s859
-860 5 860 5 s860
-861 5 861 5 s861
-862 5 862 5 s862
-863 5 863 5 s863
-864 5 864 5 s864
-865 5 865 5 s865
-866 5 866 5 s866
-867 5 867 5 s867
-868 5 868 5 s868
-869 5 869 5 s869
-870 5 870 5 s870
-871 5 871 5 s871
-872 5 872 5 s872
-873 5 873 5 s873
-874 5 874 5 s874
-875 5 875 5 s875
-876 5 876 5 s876
-877 5 877 5 s877
-878 5 878 5 s878
-879 5 879 5 s879
-880 5 880 5 s880
-881 5 881 5 s881
-882 5 882 5 s882
-883 5 883 5 s883
-884 5 884 5 s884
-885 5 885 5 s885
-886 5 886 5 s886
-887 5 887 5 s887
-888 5 888 5 s888
-889 5 889 5 s889
-890 5 890 5 s890
-891 5 891 5 s891
-892 5 892 5 s892
-893 5 893 5 s893
-894 5 894 5 s894
-895 5 895 5 s895
-896 5 896 5 s896
-897 5 897 5 s897
-898 5 898 5 s898
-899 5 899 5 s899
-900 5 900 5 s900
-901 5 901 5 s901
-902 5 902 5 s902
-903 5 903 5 s903
-904 5 904 5 s904
-905 5 905 5 s905
-906 5 906 5 s906
-907 5 907 5 s907
-908 5 908 5 s908
-909 5 909 5 s909
-910 5 910 5 s910
-911 5 911 5 s911
-912 5 912 5 s912
-913 5 913 5 s913
-914 5 914 5 s914
-915 5 915 5 s915
-916 5 916 5 s916
-917 5 917 5 s917
-918 5 918 5 s918
-919 5 919 5 s919
-920 5 920 5 s920
-921 5 921 5 s921
-922 5 922 5 s922
-923 5 923 5 s923
-924 5 924 5 s924
-925 5 925 5 s925
-926 5 926 5 s926
-927 5 927 5 s927
-928 5 928 5 s928
-929 5 929 5 s929
-930 5 930 5 s930
-931 5 931 5 s931
-932 5 932 5 s932
-933 5 933 5 s933
-934 5 934 5 s934
-935 5 935 5 s935
-936 5 936 5 s936
-937 5 937 5 s937
-938 5 938 5 s938
-939 5 939 5 s939
-940 5 940 5 s940
-941 5 941 5 s941
-942 5 942 5 s942
-943 5 943 5 s943
-944 5 944 5 s944
-945 5 945 5 s945
-946 5 946 5 s946
-947 5 947 5 s947
-948 5 948 5 s948
-949 5 949 5 s949
-950 5 950 5 s950
-951 5 951 5 s951
-952 5 952 5 s952
-953 5 953 5 s953
-954 5 954 5 s954
-955 5 955 5 s955
-956 5 956 5 s956
-957 5 957 5 s957
-958 5 958 5 s958
-959 5 959 5 s959
-960 5 960 5 s960
-961 5 961 5 s961
-962 5 962 5 s962
-963 5 963 5 s963
-964 5 964 5 s964
-965 5 965 5 s965
-966 5 966 5 s966
-967 5 967 5 s967
-968 5 968 5 s968
-969 5 969 5 s969
-970 5 970 5 s970
-971 5 971 5 s971
-972 5 972 5 s972
-973 5 973 5 s973
-974 5 974 5 s974
-975 5 975 5 s975
-976 5 976 5 s976
-977 5 977 5 s977
-978 5 978 5 s978
-979 5 979 5 s979
-980 5 980 5 s980
-981 5 981 5 s981
-982 5 982 5 s982
-983 5 983 5 s983
-984 5 984 5 s984
-985 5 985 5 s985
-986 5 986 5 s986
-987 5 987 5 s987
-988 5 988 5 s988
-989 5 989 5 s989
-990 5 990 5 s990
-991 5 991 5 s991
-992 5 992 5 s992
-993 5 993 5 s993
-994 5 994 5 s994
-995 5 995 5 s995
-996 5 996 5 s996
-997 5 997 5 s997
-998 5 998 5 s998
-999 5 999 5 s999
